ENTRADAS
--------------------------------------------
LA FECHA ES: 11/21/2021 9:47:38 PM
2733
12352
2198
6870
8225
9354

TOTAL: 41732
ENTRADAS
--------------------------------------------
LA FECHA ES: 11/22/2021 12:21:50 AM
6920
2755
8738
12368
6393
12798
6306
8713
8311
8699
8319
8625
3626
8933
12306
2107
9142
8214
9067
13826
8216
8530
2187
12039
5109
7826
13444
9501
3524

TOTAL: 236542
ENTRADAS
--------------------------------------------
LA FECHA ES: 11/22/2021 12:36:49 AM
6920
2755
8738
12368
6393
12798
6306
8713
8311
8699
8319
8625
3626
8933
12306
2107
9142
8214
9067
13826
8216
8530
2187
12039
5109
7826
13444
9501
3524

TOTAL: 236542
ENTRADAS
--------------------------------------------
LA FECHA ES: 11/22/2021 12:42:13 AM
6920
2755
8738
12368
6393
12798
6306
8713
8311
8699
8319
8625
3626
8933
12306
2107
9142
8214
9067
13826
8216
8530
2187
12039
5109
7826
13444
9501
3524

TOTAL: 236542
ENTRADAS
--------------------------------------------
LA FECHA ES: 11/22/2021 12:46:29 AM
6920
2755
8738
12368
6393
12798
6306
8713
8311
8699
8319
8625
3626
8933
12306
2107
9142
8214
9067
13826
8216
8530
2187
12039
5109
7826
13444
9501
3524

TOTAL: 236542
ENTRADAS
--------------------------------------------
LA FECHA ES: 11/22/2021 1:15:12 AM
6920
2755
8738
12368
6393
12798
6306
8713
8311
8699
8319
8625
3626
8933
12306
2107
9142
8214
9067
13826
8216
8530
2187
12039
5109
7826
13444
9501
3524

TOTAL: 236542
ENTRADAS
--------------------------------------------
LA FECHA ES: 11/22/2021 1:16:51 AM
6920
2755
8738
12368
6393
12798
6306
8713
8311
8699
8319
8625
3626
8933
12306
2107
9142
8214
9067
13826
8216
8530
2187
12039
5109
7826
13444
9501
3524

TOTAL: 236542
ENTRADAS
--------------------------------------------
LA FECHA ES: 11/22/2021 1:28:55 AM
6920
2755
8738
12368
6393
12798
6306
8713
8311
8699
8319
8625
3626
8933
12306
2107
9142
8214
9067
13826
8216
8530
2187
12039
5109
7826
13444
9501
3524

TOTAL: 236542
ENTRADAS
--------------------------------------------
LA FECHA ES: 11/22/2021 1:31:55 AM
6920
2755
8738
12368
6393
12798
6306
8713
8311
8699
8319
8625
3626
8933
12306
2107
9142
8214
9067
13826
8216
8530
2187
12039
5109
7826
13444
9501
3524

TOTAL: 236542
ENTRADAS
--------------------------------------------
LA FECHA ES: 11/22/2021 1:33:32 AM
6920
2755
8738
12368
6393
12798
6306
8713
8311
8699
8319
8625
3626
8933
12306
2107
9142
8214
9067
13826
8216
8530
2187
12039
5109
7826
13444
9501
3524

TOTAL: 236542
ENTRADAS
--------------------------------------------
LA FECHA ES: 11/22/2021 1:36:45 AM
6920
2755
8738
12368
6393
12798
6306
8713
8311
8699
8319
8625
3626
8933
12306
2107
9142
8214
9067
13826
8216
8530
2187
12039
5109
7826
13444
9501
3524

TOTAL: 236542
ENTRADAS
--------------------------------------------
LA FECHA ES: 11/22/2021 1:40:49 AM
6920
2755
8738
12368
6393
12798
6306
8713
8311
8699
8319
8625
3626
8933
12306
2107
9142
8214
9067
13826
8216
8530
2187
12039
5109
7826
13444
9501
3524

TOTAL: 236542
ENTRADAS
--------------------------------------------
LA FECHA ES: 11/22/2021 1:46:21 AM
6920
2755
8738
12368
6393
12798
6306
8713
8311
8699
8319
8625
3626
8933
12306
2107
9142
8214
9067
13826
8216
8530
2187
12039
5109
7826
13444
9501
3524

TOTAL: 236542
ENTRADAS
--------------------------------------------
LA FECHA ES: 11/22/2021 1:51:32 AM
6920
2755
8738
12368
6393
12798
6306
8713
8311
8699
8319
8625
3626
8933
12306
2107
9142
8214
9067
13826
8216
8530
2187
12039
5109
7826
13444
9501
3524

TOTAL: 236542
ENTRADAS
--------------------------------------------
LA FECHA ES: 11/22/2021 1:52:17 AM
6920
2755
8738
12368
6393
12798
6306
8713
8311
8699
8319
8625
3626
8933
12306
2107
9142
8214
9067
13826
8216
8530
2187
12039
5109
7826
13444
9501
3524

TOTAL: 236542
ENTRADAS
--------------------------------------------
LA FECHA ES: 11/22/2021 2:00:23 AM
6920
2755
8738
12368
6393
12798
6306
8713
8311
8699
8319
8625
3626
8933
12306
2107
9142
8214
9067
13826
8216
8530
2187
12039
5109
7826
13444
9501
3524

TOTAL: 236542
ENTRADAS
--------------------------------------------
LA FECHA ES: 11/22/2021 2:02:11 AM
6920
2755
8738
12368
6393
12798
6306
8713
8311
8699
8319
8625
3626
8933
12306
2107
9142
8214
9067
13826
8216
8530
2187
12039
5109
7826
13444
9501
3524

TOTAL: 236542
ENTRADAS
--------------------------------------------
LA FECHA ES: 11/22/2021 2:30:13 AM
6920
2755
8738
12368
6393
12798
6306
8713
8311
8699
8319
8625
3626
8933
12306
2107
9142
8214
9067
13826
8216
8530
2187
12039
5109
7826
13444
9501
3524

TOTAL: 236542
ENTRADAS
--------------------------------------------
LA FECHA ES: 11/22/2021 2:37:57 AM
6920
2755
8738
12368
6393
12798
6306
8713
8311
8699
8319
8625
3626
8933
12306
2107
9142
8214
9067
13826
8216
8530
2187
12039
5109
7826
13444
9501
3524

TOTAL: 236542
ENTRADAS
--------------------------------------------
LA FECHA ES: 11/22/2021 2:39:23 AM
6920
2755
8738
12368
6393
12798
6306
8713
8311
8699
8319
8625
3626
8933
12306
2107
9142
8214
9067
13826
8216
8530
2187
12039
5109
7826
13444
9501
3524

TOTAL: 236542
ENTRADAS
--------------------------------------------
LA FECHA ES: 11/22/2021 2:40:37 AM
6920
2755
8738
12368
6393
12798
6306
8713
8311
8699
8319
8625
3626
8933
12306
2107
9142
8214
9067
13826
8216
8530
2187
12039
5109
7826
13444
9501
3524

TOTAL: 236542
ENTRADAS
--------------------------------------------
LA FECHA ES: 11/22/2021 2:44:29 AM
6920
2755
8738
12368
6393
12798
6306
8713
8311
8699
8319
8625
3626
8933
12306
2107
9142
8214
9067
13826
8216
8530
2187
12039
5109
7826
13444
9501
3524

TOTAL: 236542
ENTRADAS
--------------------------------------------
LA FECHA ES: 11/22/2021 2:46:59 AM
6920
2755
8738
12368
6393
12798
6306
8713
8311
8699
8319
8625
3626
8933
12306
2107
9142
8214
9067
13826
8216
8530
2187
12039
5109
7826
13444
9501
3524

TOTAL: 236542
ENTRADAS
--------------------------------------------
LA FECHA ES: 11/22/2021 2:50:15 AM
6920
2755
8738
12368
6393
12798
6306
8713
8311
8699
8319
8625
3626
8933
12306
2107
9142
8214
9067
13826
8216
8530
2187
12039
5109
7826
13444
9501
3524

TOTAL: 236542
ENTRADAS
--------------------------------------------
LA FECHA ES: 11/22/2021 2:51:17 AM
6920
2755
8738
12368
6393
12798
6306
8713
8311
8699
8319
8625
3626
8933
12306
2107
9142
8214
9067
13826
8216
8530
2187
12039
5109
7826
13444
9501
3524

TOTAL: 236542
ENTRADAS
--------------------------------------------
LA FECHA ES: 11/22/2021 2:53:03 AM
6920
2755
8738
12368
6393
12798
6306
8713
8311
8699
8319
8625
3626
8933
12306
2107
9142
8214
9067
13826
8216
8530
2187
12039
5109
7826
13444
9501
3524

TOTAL: 236542
ENTRADAS
--------------------------------------------
LA FECHA ES: 11/22/2021 2:55:06 AM
6920
2755
8738
12368
6393
12798
6306
8713
8311
8699
8319
8625
3626
8933
12306
2107
9142
8214
9067
13826
8216
8530
2187
12039
5109
7826
13444
9501
3524

TOTAL: 236542
ENTRADAS
--------------------------------------------
LA FECHA ES: 11/22/2021 3:00:30 AM
6920
2755
8738
12368
6393
12798
6306
8713
8311
8699
8319
8625
3626
8933
12306
2107
9142
8214
9067
13826
8216
8530
2187
12039
5109
7826
13444
9501
3524

TOTAL: 236542
ENTRADAS
--------------------------------------------
LA FECHA ES: 11/22/2021 3:02:12 AM
6920
2755
8738
12368
6393
12798
6306
8713
8311
8699
8319
8625
3626
8933
12306
2107
9142
8214
9067
13826
8216
8530
2187
12039
5109
7826
13444
9501
3524

TOTAL: 236542
ENTRADAS
--------------------------------------------
LA FECHA ES: 11/22/2021 3:04:03 AM
6920
2755
8738
12368
6393
12798
6306
8713
8311
8699
8319
8625
3626
8933
12306
2107
9142
8214
9067
13826
8216
8530
2187
12039
5109
7826
13444
9501
3524

TOTAL: 236542
ENTRADAS
--------------------------------------------
LA FECHA ES: 11/22/2021 8:54:41 AM
6920
2755
8738
12368
6393
12798
6306
8713
8311
8699
8319
8625
3626
8933
12306
2107
9142
8214
9067
13826
8216
8530
2187
12039
5109
7826
13444
9501
3524

TOTAL: 236542
ENTRADAS
--------------------------------------------
LA FECHA ES: 11/22/2021 9:25:12 AM
6920
2755
8738
12368
6393
12798
6306
8713
8311
8699
8319
8625
3626
8933
12306
2107
9142
8214
9067
13826
8216
8530
2187
12039
5109
7826
13444
9501
3524

TOTAL: 236542
ENTRADAS
--------------------------------------------
LA FECHA ES: 11/22/2021 9:31:22 AM
6920
2755
8738
12368
6393
12798
6306
8713
8311
8699
8319
8625
3626
8933
12306
2107
9142
8214
9067
13826
8216
8530
2187
12039
5109
7826
13444
9501
3524

TOTAL: 236542
ENTRADAS
--------------------------------------------
LA FECHA ES: 11/22/2021 9:46:58 AM
6920
2755
8738
12368
6393
12798
6306
8713
8311
8699
8319
8625
3626
8933
12306
2107
9142
8214
9067
13826
8216
8530
2187
12039
5109
7826
13444
9501
3524

TOTAL: 236542
